1
1.030301
1.061208
1.092727
1.124864
1.157625
1.191016
1.225043
1.259712
1.295029
1.331
1.367631
1.404928
1.442897
1.481544
1.520875
1.560896
1.601613
1.643032
1.685159
1.728
1.771561
1.815848
1.860867
1.906624
1.953125
2.000376
2.048383
2.097152
2.146689
2.197
2.248091
2.299968
2.352637
2.406104
2.460375
2.515456
2.571353
2.628072
2.685619
2.744
2.803221
2.863288
2.924207
2.985984
3.048625
3.112136
3.176523
3.241792
3.307949
3.375
3.442951
3.511808
3.581577
3.652264
3.723875
3.796416
3.869893
3.944312
4.019679
4.096
4.173281
4.251528
4.330747
4.410944
4.492125
4.574296
4.657463
4.741632
4.826809
4.913
5.000211
5.088448
5.177717
5.268024
5.359375
5.451776
5.545233
5.639752
5.735339
5.832
5.929741
6.028568
6.128487
6.229504
6.331625
6.434856
6.539203
6.644672
6.751269
6.859
6.967871
7.077888
7.189057
7.301384
7.414875
7.529536
7.645373
7.762392
7.880599
8
8.120601
8.242408
8.365427
8.489664
8.615125
8.741816
8.869743
8.998912
9.129329
9.261
9.393931
9.528128
9.663597
9.800344
9.938375
10.077696
10.218313
10.360232
10.503459
10.648
10.793861
10.941048
11.089567
11.239424
11.390625
11.543176
11.697083
11.852352
12.008989
12.167
12.326391
12.487168
12.649337
12.812904
12.977875
13.144256
13.312053
13.481272
13.651919
13.824
13.997521
14.172488
14.348907
14.526784
14.706125
14.886936
15.069223
15.252992
15.438249
15.625
15.813251
16.003008
16.194277
16.387064
16.581375
16.777216
16.974593
17.173512
17.373979
17.576
17.779581
17.984728
18.191447
18.399744
18.609625
18.821096
19.034163
19.248832
19.465109
19.683
19.902511
20.123648
20.346417
20.570824
20.796875
21.024576
21.253933
21.484952
21.717639
21.952
22.188041
22.425768
22.665187
22.906304
23.149125
23.393656
23.639903
23.887872
24.137569
24.389
24.642171
24.897088
25.153757
25.412184
25.672375
25.934336
26.198073
26.463592
26.730899
27
27.270901
27.543608
27.818127
28.094464
28.372625
28.652616
28.934443
29.218112
29.503629
29.791
30.080231
30.371328
30.664297
30.959144
31.255875
31.554496
31.855013
32.157432
32.461759
32.768
33.076161
33.386248
33.698267
34.012224
34.328125
34.645976
34.965783
35.287552
35.611289
35.937
36.264691
36.594368
36.926037
37.259704
37.595375
37.933056
38.272753
38.614472
38.958219
39.304
39.651821
40.001688
40.353607
40.707584
41.063625
41.421736
41.781923
42.144192
42.508549
42.875
43.243551
43.614208
43.986977
44.361864
44.738875
45.118016
45.499293
45.882712
46.268279
46.656
47.045881
47.437928
47.832147
48.228544
48.627125
49.027896
49.430863
49.836032
50.243409
50.653
51.064811
51.478848
51.895117
52.313624
52.734375
53.157376
53.582633
54.010152
54.439939
54.872
55.306341
55.742968
56.181887
56.623104
57.066625
57.512456
57.960603
58.411072
58.863869
59.319
59.776471
60.236288
60.698457
61.162984
61.629875
62.099136
62.570773
63.044792
63.521199
64
64.481201
64.964808
65.450827
65.939264
66.430125
66.923416
67.419143
67.917312
68.417929
68.921
69.426531
69.934528
70.444997
70.957944
71.473375
71.991296
72.511713
73.034632
73.560059
74.088
74.618461
75.151448
75.686967
76.225024
76.765625
77.308776
77.854483
78.402752
78.953589
79.507
80.062991
80.621568
81.182737
81.746504
82.312875
82.881856
83.453453
84.027672
84.604519
85.184
85.766121
86.350888
86.938307
87.528384
88.121125
88.716536
89.314623
89.915392
90.518849
91.125
91.733851
92.345408
92.959677
93.576664
94.196375
94.818816
95.443993
96.071912
96.702579
97.336
97.972181
98.611128
99.252847
99.897344
100.544625
101.194696
101.847563
102.503232
103.161709
103.823
104.487111
105.154048
105.823817
106.496424
107.171875
107.850176
108.531333
109.215352
109.902239
110.592
111.284641
111.980168
112.678587
113.379904
114.084125
114.791256
115.501303
116.214272
116.930169
117.649
118.370771
119.095488
119.823157
120.553784
121.287375
122.023936
122.763473
123.505992
124.251499
125
125.751501
126.506008
127.263527
128.024064
128.787625
129.554216
130.323843
131.096512
131.872229
132.651
133.432831
134.217728
135.005697
135.796744
136.590875
137.388096
138.188413
138.991832
139.798359
140.608
141.420761
142.236648
143.055667
143.877824
144.703125
145.531576
146.363183
147.197952
148.035889
148.877
149.721291
150.568768
151.419437
152.273304
153.130375
153.990656
154.854153
155.720872
156.590819
157.464
158.340421
159.220088
160.103007
160.989184
161.878625
162.771336
163.667323
164.566592
165.469149
166.375
167.284151
168.196608
169.112377
170.031464
170.953875
171.879616
172.808693
173.741112
174.676879
175.616
176.558481
177.504328
178.453547
179.406144
180.362125
181.321496
182.284263
183.250432
184.220009
185.193
186.169411
187.149248
188.132517
189.119224
190.109375
191.102976
192.100033
193.100552
194.104539
195.112
196.122941
197.137368
198.155287
199.176704
200.201625
201.230056
202.262003
203.297472
204.336469
205.379
206.425071
207.474688
208.527857
209.584584
210.644875
211.708736
212.776173
213.847192
214.921799
216
217.081801
218.167208
219.256227
220.348864
221.445125
222.545016
223.648543
224.755712
225.866529
226.981
228.099131
229.220928
230.346397
231.475544
232.608375
233.744896
234.885113
236.029032
237.176659
238.328
239.483061
240.641848
241.804367
242.970624
244.140625
245.314376
246.491883
247.673152
248.858189
250.047
251.239591
252.435968
253.636137
254.840104
256.047875
257.259456
258.474853
259.694072
260.917119
262.144
263.374721
264.609288
265.847707
267.089984
268.336125
269.586136
270.840023
272.097792
273.359449
274.625
275.894451
277.167808
278.445077
279.726264
281.011375
282.300416
283.593393
284.890312
286.191179
287.496
288.804781
290.117528
291.434247
292.754944
294.079625
295.408296
296.740963
298.077632
299.418309
300.763
302.111711
303.464448
304.821217
306.182024
307.546875
308.915776
310.288733
311.665752
313.046839
314.432
315.821241
317.214568
318.611987
320.013504
321.419125
322.828856
324.242703
325.660672
327.082769
328.509
329.939371
331.373888
332.812557
334.255384
335.702375
337.153536
338.608873
340.068392
341.532099
343
344.472101
345.948408
347.428927
348.913664
350.402625
351.895816
353.393243
354.894912
356.400829
357.911
359.425431
360.944128
362.467097
363.994344
365.525875
367.061696
368.601813
370.146232
371.694959
373.248
374.805361
376.367048
377.933067
379.503424
381.078125
382.657176
384.240583
385.828352
387.420489
389.017
390.617891
392.223168
393.832837
395.446904
397.065375
398.688256
400.315553
401.947272
403.583419
405.224
406.869021
408.518488
410.172407
411.830784
413.493625
415.160936
416.832723
418.508992
420.189749
421.875
423.564751
425.259008
426.957777
428.661064
430.368875
432.081216
433.798093
435.519512
437.245479
438.976
440.711081
442.450728
444.194947
445.943744
447.697125
449.455096
451.217663
452.984832
454.756609
456.533
458.314011
460.099648
461.889917
463.684824
465.484375
467.288576
469.097433
470.910952
472.729139
474.552
476.379541
478.211768
480.048687
481.890304
483.736625
485.587656
487.443403
489.303872
491.169069
493.039
494.913671
496.793088
498.677257
500.566184
502.459875
504.358336
506.261573
508.169592
510.082399
512
513.922401
515.849608
517.781627
519.718464
521.660125
523.606616
525.557943
527.514112
529.475129
531.441
533.411731
535.387328
537.367797
539.353144
541.343375
543.338496
545.338513
547.343432
549.353259
551.368
553.387661
555.412248
557.441767
559.476224
561.515625
563.559976
565.609283
567.663552
569.722789
571.787
573.856191
575.930368
578.009537
580.093704
582.182875
584.277056
586.376253
588.480472
590.589719
592.704
594.823321
596.947688
599.077107
601.211584
603.351125
605.495736
607.645423
609.800192
611.960049
614.125
616.295051
618.470208
620.650477
622.835864
625.026375
627.222016
629.422793
631.628712
633.839779
636.056
638.277381
640.503928
642.735647
644.972544
647.214625
649.461896
651.714363
653.972032
656.234909
658.503
660.776311
663.054848
665.338617
667.627624
669.921875
672.221376
674.526133
676.836152
679.151439
681.472
683.797841
686.128968
688.465387
690.807104
693.154125
695.506456
697.864103
700.227072
702.595369
704.969
707.347971
709.732288
712.121957
714.516984
716.917375
719.323136
721.734273
724.150792
726.572699
729
731.432701
733.870808
736.314327
738.763264
741.217625
743.677416
746.142643
748.613312
751.089429
753.571
756.058031
758.550528
761.048497
763.551944
766.060875
768.575296
771.095213
773.620632
776.151559
778.688
781.229961
783.777448
786.330467
788.889024
791.453125
794.022776
796.597983
799.178752
801.765089
804.357
806.954491
809.557568
812.166237
814.780504
817.400375
820.025856
822.656953
825.293672
827.936019
830.584
833.237621
835.896888
838.561807
841.232384
843.908625
846.590536
849.278123
851.971392
854.670349
857.375
860.085351
862.801408
865.523177
868.250664
870.983875
873.722816
876.467493
879.217912
881.974079
884.736
887.503681
890.277128
893.056347
895.841344
898.632125
901.428696
904.231063
907.039232
909.853209
912.673
915.498611
918.330048
921.167317
924.010424
926.859375
929.714176
932.574833
935.441352
938.313739
941.192
944.076141
946.966168
949.862087
952.763904
955.671625
958.585256
961.504803
964.430272
967.361669
970.299
973.242271
976.191488
979.146657
982.107784
985.074875
988.047936
991.026973
994.011992
997.002999
1000.0000000001
1003.0030010001
1006.0120080001
1009.0270270001
1012.0480640001
1015.0751250001
1018.1082160001
1021.1473430001
1024.1925120001
1027.2437290001
1030.3010000001
1033.3643310001
1036.4337280001
1039.5091970001
1042.5907440001
1045.6783750001
1048.7720960001
1051.8719130001
1054.9778320001
1058.0898590001
1061.2080000001
1064.3322610001
1067.4626480001
1070.5991670001
1073.7418240001
1076.8906250001
1080.0455760001
1083.2066830001
1086.3739520001
1089.5473890001
1092.7270000001
1095.9127910001
1099.1047680001
1102.3029370001
1105.5073040001
1108.7178750001
1111.9346560001
1115.1576530001
1118.3868720001
1121.6223190001
1124.8640000001
1128.1119210001
1131.3660880001
1134.6265070001
1137.8931840001
1141.1661250001
1144.4453360001
1147.7308230001
1151.0225920001
1154.3206490001
1157.6250000001
1160.9356510001
1164.2526080001
1167.5758770001
1170.9054640001
1174.2413750001
1177.5836160001
1180.9321930001
1184.2871120001
1187.6483790001
1191.0160000001
1194.3899810001
1197.7703280001
1201.1570470001
1204.5501440001
1207.9496250001
1211.3554960001
1214.7677630001
1218.1864320001
1221.6115090001
1225.0430000001
1228.4809110001
1231.9252480001
1235.3760170001
1238.8332240001
1242.2968750001
1245.7669760001
1249.2435330001
1252.7265520001
1256.2160390001
1259.7120000001
1263.2144410001
1266.7233680001
1270.2387870001
1273.7607040001
1277.2891250001
1280.8240560001
1284.3655030001
1287.9134720001
1291.4679690001
1295.0290000001
1298.5965710001
1302.1706880001
1305.7513570001
1309.3385840001
1312.9323750001
1316.5327360001
1320.1396730001
1323.7531920001
1327.3732990001
1331
